Knot 1: 1 -1 + *0 01 &1
Knot 2: 1 -1 - *0 01 &1
Knot 3: 1 -1 2 -2 ++ *0 0123 13 &2
Knot 4: 1 -1 2 -2 +- *0 013 123 &2
Knot 5: 1 -1 2 -2 -- *0 0123 13 &2
Knot 6: 1 -1 -2 2 ++ *0 013 123 &2
Knot 7: 1 -1 -2 2 -- *0 013 123 &2
Knot 8: 1 -1 2 3 -3 -2 +++ *0 01245 15 234 &3
Knot 9: 1 -1 2 3 -3 -2 +-- *0 015 1245 234 &3
Knot 10: 1 -1 2 3 -3 -2 -++ *0 015 1245 234 &3
Knot 11: 1 -1 2 3 -3 -2 --- *0 01245 15 234 &3
Knot 12: 1 -1 2 -3 3 -2 +++ *0 012345 15 24 &3
Knot 13: 1 -1 2 -3 3 -2 ++- *0 01245 15 234 &3
Knot 14: 1 -1 2 -3 3 -2 +-+ *0 015 1245 234 &3
Knot 15: 1 -1 2 -3 3 -2 +-- *0 015 12345 24 &3
Knot 16: 1 -1 2 -3 3 -2 -+- *0 015 1245 234 &3
Knot 17: 1 -1 2 -3 3 -2 --- *0 012345 15 24 &3
Knot 18: 1 -1 -2 -3 3 2 +++ *0 015 1245 234 &3
Knot 19: 1 -1 -2 -3 3 2 --- *0 015 1245 234 &3
Knot 20: 1 -2 3 -1 2 -3 +++ *024 03 &135 14 25
Knot 21: 1 -2 3 -1 2 -3 +++ 024 *03 135 &14 25
Knot 22: 1 -2 3 -1 2 -3 --- *024 03 &135 14 25
Knot 23: 1 -2 3 -1 2 -3 --- 024 *03 135 &14 25
Knot 24: 1 -1 2 3 4 -4 -3 -2 ++++ *0 01267 17 2356 345 &4
Knot 25: 1 -1 2 3 4 -4 -3 -2 +--- *0 017 1267 2356 345 &4
Knot 26: 1 -1 2 3 4 -4 -3 -2 -+++ *0 017 1267 2356 345 &4
Knot 27: 1 -1 2 3 4 -4 -3 -2 ---- *0 01267 17 2356 345 &4
Knot 28: 1 -1 2 3 -4 4 -3 -2 ++++ *0 01267 17 23456 35 &4
Knot 29: 1 -1 2 3 -4 4 -3 -2 +++- *0 01267 17 2356 345 &4
Knot 30: 1 -1 2 3 -4 4 -3 -2 +--+ *0 017 1267 2356 345 &4
Knot 31: 1 -1 2 3 -4 4 -3 -2 +--- *0 017 1267 23456 35 &4
Knot 32: 1 -1 2 3 -4 4 -3 -2 -++- *0 017 1267 2356 345 &4
Knot 33: 1 -1 2 3 -4 4 -3 -2 ---- *0 01267 17 23456 35 &4
Knot 34: 1 -1 2 -3 4 -2 3 -4 ++++ *0 0147 1357 &246 25 36
Knot 35: 1 -1 2 -3 4 -2 3 -4 ++++ *0 0147 1357 246 &25 36
Knot 36: 1 -1 2 -3 4 -2 3 -4 +--- *0 01357 147 &246 25 36
Knot 37: 1 -1 2 -3 4 -2 3 -4 +--- *0 01357 147 246 &25 36
Knot 38: 1 -1 2 -3 4 -2 3 -4 -+++ *0 01357 147 &246 25 36
Knot 39: 1 -1 2 -3 4 -2 3 -4 -+++ *0 01357 147 246 &25 36
Knot 40: 1 -1 2 -3 4 -2 3 -4 ---- *0 0147 1357 &246 25 36
Knot 41: 1 -1 2 -3 4 -2 3 -4 ---- *0 0147 1357 246 &25 36
Knot 42: 1 -1 2 -3 4 -4 3 -2 ++++ *0 01234567 17 26 35 &4
Knot 43: 1 -1 2 -3 4 -4 3 -2 +++- *0 0123567 17 26 345 &4
Knot 44: 1 -1 2 -3 4 -4 3 -2 ++-+ *0 01267 17 2356 345 &4
Knot 45: 1 -1 2 -3 4 -4 3 -2 ++-- *0 01267 17 23456 35 &4
Knot 46: 1 -1 2 -3 4 -4 3 -2 +-+- *0 017 1267 2356 345 &4
Knot 47: 1 -1 2 -3 4 -4 3 -2 +--+ *0 017 123567 26 345 &4
Knot 48: 1 -1 2 -3 4 -4 3 -2 +--- *0 017 1234567 26 35 &4
Knot 49: 1 -1 2 -3 4 -4 3 -2 -++- *0 017 123567 26 345 &4
Knot 50: 1 -1 2 -3 4 -4 3 -2 -+-- *0 017 1267 23456 35 &4
Knot 51: 1 -1 2 -3 4 -4 3 -2 ---- *0 01234567 17 26 35 &4
Knot 52: 1 -1 2 -3 -4 4 3 -2 ++++ *0 0123567 17 26 345 &4
Knot 53: 1 -1 2 -3 -4 4 3 -2 ++-- *0 01267 17 2356 345 &4
Knot 54: 1 -1 2 -3 -4 4 3 -2 +-++ *0 017 1267 2356 345 &4
Knot 55: 1 -1 2 -3 -4 4 3 -2 +--- *0 017 123567 26 345 &4
Knot 56: 1 -1 2 -3 -4 4 3 -2 -+++ *0 017 123567 26 345 &4
Knot 57: 1 -1 2 -3 -4 4 3 -2 -+-- *0 017 1267 2356 345 &4
Knot 58: 1 -1 2 -3 -4 4 3 -2 --++ *0 01267 17 2356 345 &4
Knot 59: 1 -1 2 -3 -4 4 3 -2 ---- *0 0123567 17 26 345 &4
Knot 60: 1 -1 -2 3 4 -4 -3 2 ++++ *0 017 123567 26 345 &4
Knot 61: 1 -1 -2 3 4 -4 -3 2 ++-- *0 017 1267 2356 345 &4
Knot 62: 1 -1 -2 3 4 -4 -3 2 ---- *0 017 123567 26 345 &4
Knot 63: 1 -1 -2 3 -4 2 -3 4 ++++ *0 01357 147 &246 25 36
Knot 64: 1 -1 -2 3 -4 2 -3 4 +--- *0 0147 1357 &246 25 36
Knot 65: 1 -1 -2 3 -4 2 -3 4 +--- *0 0147 1357 246 &25 36
Knot 66: 1 -1 -2 3 -4 2 -3 4 -+++ *0 0147 1357 &246 25 36
Knot 67: 1 -1 -2 3 -4 2 -3 4 -+++ *0 0147 1357 246 &25 36
Knot 68: 1 -1 -2 3 -4 2 -3 4 ---- *0 01357 147 &246 25 36
Knot 69: 1 -1 -2 -3 -4 4 3 2 ++++ *0 017 1267 2356 345 &4
Knot 70: 1 -1 -2 -3 -4 4 3 2 ---- *0 017 1267 2356 345 &4
Knot 71: 1 -2 3 -1 4 -3 2 -4 +--+ *025 036 &146 15 247 37
Knot 72: 1 -2 3 -1 4 -3 2 -4 +--+ *025 036 146 15 247 &37
Knot 73: 1 -2 3 -1 4 -3 2 -4 +--+ 025 *036 146 &15 247 37
Knot 74: 1 -2 3 -1 4 -3 2 -4 +--+ 025 *036 146 15 &247 37
Knot 75: 1 -2 3 -1 4 -3 2 -4 +--+ 025 036 146 *15 247 &37
Knot 76: 1 -1 2 -2 3 -4 5 -3 4 -5 +++++ *0 012369 13579 &2 468 47 58
Knot 77: 1 -1 2 -2 3 -4 5 -3 4 -5 +++++ &0 012369 13579 *2 468 47 58
Knot 78: 1 -1 2 -2 3 -4 5 -3 4 -5 ++--- *0 0123579 1369 &2 468 47 58
Knot 79: 1 -1 2 -2 3 -4 5 -3 4 -5 ++--- &0 0123579 1369 *2 468 47 58
Knot 80: 1 -1 2 -2 3 -4 5 -3 4 -5 +-+++ *0 01369 123579 &2 468 47 58
Knot 81: 1 -1 2 -2 3 -4 5 -3 4 -5 +-+++ &0 01369 123579 *2 468 47 58
Knot 82: 1 -1 2 -2 3 -4 5 -3 4 -5 +---- *0 013579 12369 &2 468 47 58
Knot 83: 1 -1 2 -2 3 -4 5 -3 4 -5 +---- &0 013579 12369 *2 468 47 58
Knot 84: 1 -1 2 -2 3 -4 5 -3 4 -5 --+++ *0 0123579 1369 &2 468 47 58
Knot 85: 1 -1 2 -2 3 -4 5 -3 4 -5 --+++ &0 0123579 1369 *2 468 47 58
Knot 86: 1 -1 2 -2 3 -4 5 -3 4 -5 ----- *0 012369 13579 &2 468 47 58
Knot 87: 1 -1 2 -2 3 -4 5 -3 4 -5 ----- &0 012369 13579 *2 468 47 58
Knot 88: 1 -1 2 -2 -3 4 -5 3 -4 5 +++++ *0 0123579 1369 &2 468 47 58
Knot 89: 1 -1 2 -2 -3 4 -5 3 -4 5 +++++ &0 0123579 1369 *2 468 47 58
Knot 90: 1 -1 2 -2 -3 4 -5 3 -4 5 ++--- *0 012369 13579 &2 468 47 58
Knot 91: 1 -1 2 -2 -3 4 -5 3 -4 5 ++--- &0 012369 13579 *2 468 47 58
Knot 92: 1 -1 2 -2 -3 4 -5 3 -4 5 +-+++ *0 013579 12369 &2 468 47 58
Knot 93: 1 -1 2 -2 -3 4 -5 3 -4 5 +-+++ &0 013579 12369 *2 468 47 58
Knot 94: 1 -1 2 -2 -3 4 -5 3 -4 5 +---- *0 01369 123579 &2 468 47 58
Knot 95: 1 -1 2 -2 -3 4 -5 3 -4 5 +---- &0 01369 123579 *2 468 47 58
Knot 96: 1 -1 2 -2 -3 4 -5 3 -4 5 --+++ *0 012369 13579 &2 468 47 58
Knot 97: 1 -1 2 -2 -3 4 -5 3 -4 5 --+++ &0 012369 13579 *2 468 47 58
Knot 98: 1 -1 2 -2 -3 4 -5 3 -4 5 ----- *0 0123579 1369 &2 468 47 58
Knot 99: 1 -1 2 -2 -3 4 -5 3 -4 5 ----- &0 0123579 1369 *2 468 47 58
Knot 100: 1 -1 2 3 -3 4 -5 -2 -4 5 ++--- *0 0169 1579 2347 2468 &3 58
Knot 101: 1 -1 2 3 -3 4 -5 -2 -4 5 ++--- &0 0169 1579 2347 2468 *3 58
Knot 102: 1 -1 2 3 -3 4 -5 -2 -4 5 +-+++ *0 01579 169 2347 2468 &3 58
Knot 103: 1 -1 2 3 -3 4 -5 -2 -4 5 -+--- *0 01579 169 2347 2468 &3 58
Knot 104: 1 -1 2 3 -3 4 -5 -2 -4 5 --+++ *0 0169 1579 2347 2468 &3 58
Knot 105: 1 -1 2 3 -3 4 -5 -2 -4 5 --+++ &0 0169 1579 2347 2468 *3 58
Knot 106: 1 -1 2 3 -3 -4 5 -2 4 -5 +++++ *0 0169 1579 23468 247 &3 58
Knot 107: 1 -1 2 3 -3 -4 5 -2 4 -5 ++-++ *0 0169 1579 2347 2468 &3 58
Knot 108: 1 -1 2 3 -3 -4 5 -2 4 -5 ++-++ &0 0169 1579 2347 2468 *3 58
Knot 109: 1 -1 2 3 -3 -4 5 -2 4 -5 +-+-- *0 01579 169 2347 2468 &3 58
Knot 110: 1 -1 2 3 -3 -4 5 -2 4 -5 +-+-- &0 01579 169 2347 2468 *3 58
Knot 111: 1 -1 2 3 -3 -4 5 -2 4 -5 +---- *0 01579 169 23468 247 &3 58
Knot 112: 1 -1 2 3 -3 -4 5 -2 4 -5 -++++ *0 01579 169 23468 247 &3 58
Knot 113: 1 -1 2 3 -3 -4 5 -2 4 -5 -+-++ *0 01579 169 2347 2468 &3 58
Knot 114: 1 -1 2 3 -3 -4 5 -2 4 -5 -+-++ &0 01579 169 2347 2468 *3 58
Knot 115: 1 -1 2 3 -3 -4 5 -2 4 -5 --+-- *0 0169 1579 2347 2468 &3 58
Knot 116: 1 -1 2 3 -3 -4 5 -2 4 -5 --+-- &0 0169 1579 2347 2468 *3 58
Knot 117: 1 -1 2 3 -3 -4 5 -2 4 -5 ----- *0 0169 1579 23468 247 &3 58
Knot 118: 1 -1 2 3 4 5 -5 -4 -3 -2 +++++ *0 01289 19 2378 3467 456 &5
Knot 119: 1 -1 2 3 4 5 -5 -4 -3 -2 +---- *0 019 1289 2378 3467 456 &5
Knot 120: 1 -1 2 3 4 5 -5 -4 -3 -2 -++++ *0 019 1289 2378 3467 456 &5
Knot 121: 1 -1 2 3 4 5 -5 -4 -3 -2 ----- *0 01289 19 2378 3467 456 &5
Knot 122: 1 -1 2 3 4 -5 5 -4 -3 -2 +++++ *0 01289 19 2378 34567 46 &5
Knot 123: 1 -1 2 3 4 -5 5 -4 -3 -2 ++++- *0 01289 19 2378 3467 456 &5
Knot 124: 1 -1 2 3 4 -5 5 -4 -3 -2 +---+ *0 019 1289 2378 3467 456 &5
Knot 125: 1 -1 2 3 4 -5 5 -4 -3 -2 +---- *0 019 1289 2378 34567 46 &5
Knot 126: 1 -1 2 3 4 -5 5 -4 -3 -2 -+++- *0 019 1289 2378 3467 456 &5
Knot 127: 1 -1 2 3 4 -5 5 -4 -3 -2 ----- *0 01289 19 2378 34567 46 &5
Knot 128: 1 -1 2 3 -4 5 -3 4 -5 -2 ++--- *0 012589 19 2468 &357 36 47
Knot 129: 1 -1 2 3 -4 5 -3 4 -5 -2 ++--- *0 012589 19 2468 357 &36 47
Knot 130: 1 -1 2 3 -4 5 -3 4 -5 -2 +-+++ *0 019 12589 2468 &357 36 47
Knot 131: 1 -1 2 3 -4 5 -3 4 -5 -2 +-+++ *0 019 12589 2468 357 &36 47
Knot 132: 1 -1 2 3 -4 5 -3 4 -5 -2 -+--- *0 019 12589 2468 &357 36 47
Knot 133: 1 -1 2 3 -4 5 -3 4 -5 -2 -+--- *0 019 12589 2468 357 &36 47
Knot 134: 1 -1 2 3 -4 5 -3 4 -5 -2 --+++ *0 012589 19 2468 &357 36 47
Knot 135: 1 -1 2 3 -4 5 -3 4 -5 -2 --+++ *0 012589 19 2468 357 &36 47
Knot 136: 1 -1 2 3 -4 5 -5 4 -3 -2 +++++ *0 01289 19 2345678 37 46 &5
Knot 137: 1 -1 2 3 -4 5 -5 4 -3 -2 ++++- *0 01289 19 234678 37 456 &5
Knot 138: 1 -1 2 3 -4 5 -5 4 -3 -2 +++-+ *0 01289 19 2378 3467 456 &5
Knot 139: 1 -1 2 3 -4 5 -5 4 -3 -2 +++-- *0 01289 19 2378 34567 46 &5
Knot 140: 1 -1 2 3 -4 5 -5 4 -3 -2 +--++ *0 019 1289 2378 34567 46 &5
Knot 141: 1 -1 2 3 -4 5 -5 4 -3 -2 +--+- *0 019 1289 2378 3467 456 &5
Knot 142: 1 -1 2 3 -4 5 -5 4 -3 -2 +---+ *0 019 1289 234678 37 456 &5
Knot 143: 1 -1 2 3 -4 5 -5 4 -3 -2 +---- *0 019 1289 2345678 37 46 &5
Knot 144: 1 -1 2 3 -4 5 -5 4 -3 -2 -++++ *0 019 1289 2345678 37 46 &5
Knot 145: 1 -1 2 3 -4 5 -5 4 -3 -2 -+++- *0 019 1289 234678 37 456 &5
Knot 146: 1 -1 2 3 -4 5 -5 4 -3 -2 -++-+ *0 019 1289 2378 3467 456 &5
Knot 147: 1 -1 2 3 -4 5 -5 4 -3 -2 -++-- *0 019 1289 2378 34567 46 &5
Knot 148: 1 -1 2 3 -4 5 -5 4 -3 -2 ---++ *0 01289 19 2378 34567 46 &5
Knot 149: 1 -1 2 3 -4 5 -5 4 -3 -2 ---+- *0 01289 19 2378 3467 456 &5
Knot 150: 1 -1 2 3 -4 5 -5 4 -3 -2 ----+ *0 01289 19 234678 37 456 &5
Knot 151: 1 -1 2 3 -4 5 -5 4 -3 -2 ----- *0 01289 19 2345678 37 46 &5
Knot 152: 1 -1 2 3 -4 -5 5 4 -3 -2 +++++ *0 01289 19 234678 37 456 &5
Knot 153: 1 -1 2 3 -4 -5 5 4 -3 -2 +++-- *0 01289 19 2378 3467 456 &5
Knot 154: 1 -1 2 3 -4 -5 5 4 -3 -2 +--++ *0 019 1289 2378 3467 456 &5
Knot 155: 1 -1 2 3 -4 -5 5 4 -3 -2 +---- *0 019 1289 234678 37 456 &5
Knot 156: 1 -1 2 3 -4 -5 5 4 -3 -2 -++++ *0 019 1289 234678 37 456 &5
Knot 157: 1 -1 2 3 -4 -5 5 4 -3 -2 -++-- *0 019 1289 2378 3467 456 &5
Knot 158: 1 -1 2 3 -4 -5 5 4 -3 -2 ---++ *0 01289 19 2378 3467 456 &5
Knot 159: 1 -1 2 3 -4 -5 5 4 -3 -2 ----- *0 01289 19 234678 37 456 &5
Knot 160: 1 -1 2 -3 3 4 -5 -2 -4 5 +++-- *0 0169 1579 2347 2468 &3 58
Knot 161: 1 -1 2 -3 3 4 -5 -2 -4 5 ++--- *0 0169 1579 23468 247 &3 58
Knot 162: 1 -1 2 -3 3 4 -5 -2 -4 5 +-+++ *0 01579 169 23468 247 &3 58
Knot 163: 1 -1 2 -3 3 4 -5 -2 -4 5 +--++ *0 01579 169 2347 2468 &3 58
Knot 164: 1 -1 2 -3 3 4 -5 -2 -4 5 -+--- *0 01579 169 23468 247 &3 58
Knot 165: 1 -1 2 -3 3 4 -5 -2 -4 5 ---++ *0 0169 1579 2347 2468 &3 58
Knot 166: 1 -1 2 -3 3 -4 5 -2 4 -5 +++++ *0 0169 1579 2347 2468 &3 58
Knot 167: 1 -1 2 -3 3 -4 5 -2 4 -5 ++-++ *0 0169 1579 23468 247 &3 58
Knot 168: 1 -1 2 -3 3 -4 5 -2 4 -5 ++-++ &0 0169 1579 23468 247 *3 58
Knot 169: 1 -1 2 -3 3 -4 5 -2 4 -5 +-+-- *0 01579 169 23468 247 &3 58
Knot 170: 1 -1 2 -3 3 -4 5 -2 4 -5 +---- *0 01579 169 2347 2468 &3 58
Knot 171: 1 -1 2 -3 3 -4 5 -2 4 -5 +---- &0 01579 169 2347 2468 *3 58
Knot 172: 1 -1 2 -3 3 -4 5 -2 4 -5 -+-++ *0 01579 169 23468 247 &3 58
Knot 173: 1 -1 2 -3 3 -4 5 -2 4 -5 ----- *0 0169 1579 2347 2468 &3 58
Knot 174: 1 -1 2 -3 4 -2 3 -4 -5 5 +++++ *0 01479 135789 246 25 36 &8
Knot 175: 1 -1 2 -3 4 -2 3 -4 -5 5 +++++ &0 01479 135789 246 25 36 *8
Knot 176: 1 -1 2 -3 4 -2 3 -4 -5 5 ++++- *0 014789 13579 246 25 36 &8
Knot 177: 1 -1 2 -3 4 -2 3 -4 -5 5 ++++- &0 014789 13579 246 25 36 *8
Knot 178: 1 -1 2 -3 4 -2 3 -4 -5 5 +---+ *0 013579 14789 246 25 36 &8
Knot 179: 1 -1 2 -3 4 -2 3 -4 -5 5 +---+ &0 013579 14789 246 25 36 *8
Knot 180: 1 -1 2 -3 4 -2 3 -4 -5 5 +---- *0 0135789 1479 246 25 36 &8
Knot 181: 1 -1 2 -3 4 -2 3 -4 -5 5 +---- &0 0135789 1479 246 25 36 *8
Knot 182: 1 -1 2 -3 4 -2 3 -4 -5 5 -++++ *0 0135789 1479 246 25 36 &8
Knot 183: 1 -1 2 -3 4 -2 3 -4 -5 5 -++++ &0 0135789 1479 246 25 36 *8
Knot 184: 1 -1 2 -3 4 -2 3 -4 -5 5 -+++- *0 013579 14789 246 25 36 &8
Knot 185: 1 -1 2 -3 4 -2 3 -4 -5 5 -+++- &0 013579 14789 246 25 36 *8
Knot 186: 1 -1 2 -3 4 -2 3 -4 -5 5 ----+ *0 014789 13579 246 25 36 &8
Knot 187: 1 -1 2 -3 4 -2 3 -4 -5 5 ----+ &0 014789 13579 246 25 36 *8
Knot 188: 1 -1 2 -3 4 -2 3 -4 -5 5 ----- *0 01479 135789 246 25 36 &8
Knot 189: 1 -1 2 -3 4 -2 3 -4 -5 5 ----- &0 01479 135789 246 25 36 *8
Knot 190: 1 -1 2 -3 4 -2 5 -4 3 -5 ++--+ *0 01469 159 &247 258 368 37
Knot 191: 1 -1 2 -3 4 -2 5 -4 3 -5 ++--+ *0 01469 159 247 &258 368 37
Knot 192: 1 -1 2 -3 4 -2 5 -4 3 -5 ++--+ *0 01469 159 247 258 &368 37
Knot 193: 1 -1 2 -3 4 -2 5 -4 3 -5 ++--+ *0 01469 159 247 258 368 &37
Knot 194: 1 -1 2 -3 4 -2 5 -4 3 -5 +-++- *0 0159 1469 &247 258 368 37
Knot 195: 1 -1 2 -3 4 -2 5 -4 3 -5 +-++- *0 0159 1469 247 &258 368 37
Knot 196: 1 -1 2 -3 4 -2 5 -4 3 -5 +-++- *0 0159 1469 247 258 &368 37
Knot 197: 1 -1 2 -3 4 -2 5 -4 3 -5 +-++- *0 0159 1469 247 258 368 &37
Knot 198: 1 -1 2 -3 4 -2 5 -4 3 -5 -+--+ *0 0159 1469 &247 258 368 37
Knot 199: 1 -1 2 -3 4 -2 5 -4 3 -5 -+--+ *0 0159 1469 247 &258 368 37
Knot 200: 1 -1 2 -3 4 -2 5 -4 3 -5 -+--+ *0 0159 1469 247 258 &368 37
Knot 201: 1 -1 2 -3 4 -2 5 -4 3 -5 -+--+ *0 0159 1469 247 258 368 &37
Knot 202: 1 -1 2 -3 4 -2 5 -4 3 -5 --++- *0 01469 159 &247 258 368 37
Knot 203: 1 -1 2 -3 4 -2 5 -4 3 -5 --++- *0 01469 159 247 &258 368 37
Knot 204: 1 -1 2 -3 4 -2 5 -4 3 -5 --++- *0 01469 159 247 258 &368 37
Knot 205: 1 -1 2 -3 4 -2 5 -4 3 -5 --++- *0 01469 159 247 258 368 &37
Knot 206: 1 -1 2 -3 4 -2 5 -5 3 -4 +++++ *0 0149 13579 248 2567 38 &6
Knot 207: 1 -1 2 -3 4 -2 5 -5 3 -4 ++++- *0 0149 135679 248 257 38 &6
Knot 208: 1 -1 2 -3 4 -2 5 -5 3 -4 +---+ *0 0135679 149 248 257 38 &6
Knot 209: 1 -1 2 -3 4 -2 5 -5 3 -4 +---- *0 013579 149 248 2567 38 &6
Knot 210: 1 -1 2 -3 4 -2 5 -5 3 -4 -+++- *0 0135679 149 248 257 38 &6
Knot 211: 1 -1 2 -3 4 -2 5 -5 3 -4 ----- *0 0149 13579 248 2567 38 &6
Knot 212: 1 -1 2 -3 4 -2 -5 5 3 -4 ++++- *0 0149 13579 248 2567 38 &6
Knot 213: 1 -1 2 -3 4 -2 -5 5 3 -4 +---+ *0 013579 149 248 2567 38 &6
Knot 214: 1 -1 2 -3 4 -2 -5 5 3 -4 -+++- *0 013579 149 248 2567 38 &6
Knot 215: 1 -1 2 -3 4 -2 -5 5 3 -4 ----+ *0 0149 13579 248 2567 38 &6
Knot 216: 1 -1 2 -3 4 5 -5 -2 3 -4 +++++ *0 01469 1379 24568 27 38 &5
Knot 217: 1 -1 2 -3 4 5 -5 -2 3 -4 ++++- *0 014569 1379 2468 27 38 &5
Knot 218: 1 -1 2 -3 4 5 -5 -2 3 -4 +---+ *0 01379 14569 2468 27 38 &5
Knot 219: 1 -1 2 -3 4 5 -5 -2 3 -4 +---- *0 01379 1469 24568 27 38 &5
Knot 220: 1 -1 2 -3 4 5 -5 -2 3 -4 -++++ *0 01379 1469 24568 27 38 &5
Knot 221: 1 -1 2 -3 4 5 -5 -2 3 -4 -+++- *0 01379 14569 2468 27 38 &5
Knot 222: 1 -1 2 -3 4 5 -5 -2 3 -4 ----+ *0 014569 1379 2468 27 38 &5
Knot 223: 1 -1 2 -3 4 5 -5 -2 3 -4 ----- *0 01469 1379 24568 27 38 &5
Knot 224: 1 -1 2 -3 4 5 -5 -4 3 -2 +++++ *0 012346789 19 28 37 456 &5
Knot 225: 1 -1 2 -3 4 5 -5 -4 3 -2 +++-- *0 0123789 19 28 3467 456 &5
Knot 226: 1 -1 2 -3 4 5 -5 -4 3 -2 ++-++ *0 01289 19 2378 3467 456 &5
Knot 227: 1 -1 2 -3 4 5 -5 -4 3 -2 ++--- *0 01289 19 234678 37 456 &5
Knot 228: 1 -1 2 -3 4 5 -5 -4 3 -2 +-+++ *0 019 1289 234678 37 456 &5
Knot 229: 1 -1 2 -3 4 5 -5 -4 3 -2 +-+-- *0 019 1289 2378 3467 456 &5
Knot 230: 1 -1 2 -3 4 5 -5 -4 3 -2 +--++ *0 019 123789 28 3467 456 &5
Knot 231: 1 -1 2 -3 4 5 -5 -4 3 -2 +---- *0 019 12346789 28 37 456 &5
Knot 232: 1 -1 2 -3 4 5 -5 -4 3 -2 -++++ *0 019 12346789 28 37 456 &5
Knot 233: 1 -1 2 -3 4 5 -5 -4 3 -2 -++-- *0 019 123789 28 3467 456 &5
Knot 234: 1 -1 2 -3 4 5 -5 -4 3 -2 -+-++ *0 019 1289 2378 3467 456 &5
Knot 235: 1 -1 2 -3 4 5 -5 -4 3 -2 -+--- *0 019 1289 234678 37 456 &5
Knot 236: 1 -1 2 -3 4 5 -5 -4 3 -2 --+++ *0 01289 19 234678 37 456 &5
Knot 237: 1 -1 2 -3 4 5 -5 -4 3 -2 --+-- *0 01289 19 2378 3467 456 &5
Knot 238: 1 -1 2 -3 4 5 -5 -4 3 -2 ---++ *0 0123789 19 28 3467 456 &5
Knot 239: 1 -1 2 -3 4 5 -5 -4 3 -2 ----- *0 012346789 19 28 37 456 &5
Knot 240: 1 -1 2 -3 4 -5 3 -4 5 -2 +++++ *0 012589 19 2468 &357 36 47
Knot 241: 1 -1 2 -3 4 -5 3 -4 5 -2 +++++ *0 012589 19 2468 357 &36 47
Knot 242: 1 -1 2 -3 4 -5 3 -4 5 -2 ++--- *0 0124689 19 258 &357 36 47
Knot 243: 1 -1 2 -3 4 -5 3 -4 5 -2 ++--- *0 0124689 19 258 357 &36 47
Knot 244: 1 -1 2 -3 4 -5 3 -4 5 -2 +-+++ *0 019 124689 258 &357 36 47
Knot 245: 1 -1 2 -3 4 -5 3 -4 5 -2 +-+++ *0 019 124689 258 357 &36 47
Knot 246: 1 -1 2 -3 4 -5 3 -4 5 -2 +---- *0 019 12589 2468 &357 36 47
Knot 247: 1 -1 2 -3 4 -5 3 -4 5 -2 +---- *0 019 12589 2468 357 &36 47
Knot 248: 1 -1 2 -3 4 -5 3 -4 5 -2 -++++ *0 019 12589 2468 &357 36 47
Knot 249: 1 -1 2 -3 4 -5 3 -4 5 -2 -++++ *0 019 12589 2468 357 &36 47
Knot 250: 1 -1 2 -3 4 -5 3 -4 5 -2 -+--- *0 019 124689 258 &357 36 47
Knot 251: 1 -1 2 -3 4 -5 3 -4 5 -2 -+--- *0 019 124689 258 357 &36 47
Knot 252: 1 -1 2 -3 4 -5 3 -4 5 -2 --+++ *0 0124689 19 258 &357 36 47
Knot 253: 1 -1 2 -3 4 -5 3 -4 5 -2 --+++ *0 0124689 19 258 357 &36 47
Knot 254: 1 -1 2 -3 4 -5 3 -4 5 -2 ----- *0 012589 19 2468 &357 36 47
Knot 255: 1 -1 2 -3 4 -5 3 -4 5 -2 ----- *0 012589 19 2468 357 &36 47
Knot 256: 1 -1 2 -3 4 -5 5 -2 3 -4 +++++ *0 014569 1379 2468 27 38 &5
Knot 257: 1 -1 2 -3 4 -5 5 -2 3 -4 ++++- *0 01469 1379 24568 27 38 &5
Knot 258: 1 -1 2 -3 4 -5 5 -2 3 -4 +---+ *0 01379 1469 24568 27 38 &5
Knot 259: 1 -1 2 -3 4 -5 5 -2 3 -4 +---- *0 01379 14569 2468 27 38 &5
Knot 260: 1 -1 2 -3 4 -5 5 -2 3 -4 -+++- *0 01379 1469 24568 27 38 &5
Knot 261: 1 -1 2 -3 4 -5 5 -2 3 -4 ----- *0 014569 1379 2468 27 38 &5
Knot 262: 1 -1 2 -3 4 -5 5 -4 3 -2 +++++ *0 0123456789 19 28 37 46 &5
Knot 263: 1 -1 2 -3 4 -5 5 -4 3 -2 ++++- *0 012346789 19 28 37 456 &5
Knot 264: 1 -1 2 -3 4 -5 5 -4 3 -2 +++-+ *0 0123789 19 28 3467 456 &5
Knot 265: 1 -1 2 -3 4 -5 5 -4 3 -2 +++-- *0 0123789 19 28 34567 46 &5
Knot 266: 1 -1 2 -3 4 -5 5 -4 3 -2 ++-++ *0 01289 19 2378 34567 46 &5
Knot 267: 1 -1 2 -3 4 -5 5 -4 3 -2 ++-+- *0 01289 19 2378 3467 456 &5
Knot 268: 1 -1 2 -3 4 -5 5 -4 3 -2 ++--+ *0 01289 19 234678 37 456 &5
Knot 269: 1 -1 2 -3 4 -5 5 -4 3 -2 ++--- *0 01289 19 2345678 37 46 &5
Knot 270: 1 -1 2 -3 4 -5 5 -4 3 -2 +-++- *0 019 1289 234678 37 456 &5
Knot 271: 1 -1 2 -3 4 -5 5 -4 3 -2 +-+-+ *0 019 1289 2378 3467 456 &5
Knot 272: 1 -1 2 -3 4 -5 5 -4 3 -2 +-+-- *0 019 1289 2378 34567 46 &5
Knot 273: 1 -1 2 -3 4 -5 5 -4 3 -2 +--+- *0 019 123789 28 3467 456 &5
Knot 274: 1 -1 2 -3 4 -5 5 -4 3 -2 +---+ *0 019 12346789 28 37 456 &5
Knot 275: 1 -1 2 -3 4 -5 5 -4 3 -2 +---- *0 019 123456789 28 37 46 &5
Knot 276: 1 -1 2 -3 4 -5 5 -4 3 -2 -+++- *0 019 12346789 28 37 456 &5
Knot 277: 1 -1 2 -3 4 -5 5 -4 3 -2 -++-- *0 019 123789 28 34567 46 &5
Knot 278: 1 -1 2 -3 4 -5 5 -4 3 -2 -+-+- *0 019 1289 2378 3467 456 &5
Knot 279: 1 -1 2 -3 4 -5 5 -4 3 -2 -+--- *0 019 1289 2345678 37 46 &5
Knot 280: 1 -1 2 -3 4 -5 5 -4 3 -2 --+-- *0 01289 19 2378 34567 46 &5
Knot 281: 1 -1 2 -3 4 -5 5 -4 3 -2 ----- *0 0123456789 19 28 37 46 &5
Knot 282: 1 -1 2 -3 -4 -2 3 -5 5 4 +++-+ *0 0149 1359 2468 25 3678 &7
Knot 283: 1 -1 2 -3 -4 -2 3 -5 5 4 ---+- *0 0149 1359 2468 25 3678 &7
Knot 284: 1 -1 2 -3 -4 -5 5 4 3 -2 +++++ *0 0123789 19 28 3467 456 &5
Knot 285: 1 -1 2 -3 -4 -5 5 4 3 -2 ++--- *0 01289 19 2378 3467 456 &5
Knot 286: 1 -1 2 -3 -4 -5 5 4 3 -2 +-+++ *0 019 1289 2378 3467 456 &5
Knot 287: 1 -1 2 -3 -4 -5 5 4 3 -2 +---- *0 019 123789 28 3467 456 &5
Knot 288: 1 -1 2 -3 -4 -5 5 4 3 -2 -++++ *0 019 123789 28 3467 456 &5
Knot 289: 1 -1 2 -3 -4 -5 5 4 3 -2 -+--- *0 019 1289 2378 3467 456 &5
Knot 290: 1 -1 2 -3 -4 -5 5 4 3 -2 --+++ *0 01289 19 2378 3467 456 &5
Knot 291: 1 -1 2 -3 -4 -5 5 4 3 -2 ----- *0 0123789 19 28 3467 456 &5
Knot 292: 1 -1 -2 3 4 -4 -5 2 -3 5 +--+- *0 0169 13579 268 27 3458 &4
Knot 293: 1 -1 -2 3 4 -4 -5 2 -3 5 -++-+ *0 0169 13579 268 27 3458 &4
Knot 294: 1 -1 -2 3 4 5 -5 -4 -3 2 +++++ *0 019 123789 28 3467 456 &5
Knot 295: 1 -1 -2 3 4 5 -5 -4 -3 2 ++--- *0 019 1289 2378 3467 456 &5
Knot 296: 1 -1 -2 3 4 5 -5 -4 -3 2 --+++ *0 019 1289 2378 3467 456 &5
Knot 297: 1 -1 -2 3 4 5 -5 -4 -3 2 ----- *0 019 123789 28 3467 456 &5
Knot 298: 1 -1 -2 3 -4 2 -3 -5 5 4 +++++ *0 01359 149 24678 25 368 &7
Knot 299: 1 -1 -2 3 -4 2 -3 -5 5 4 +---+ *0 0149 1359 2468 25 3678 &7
Knot 300: 1 -1 -2 3 -4 2 -3 -5 5 4 -+++- *0 0149 1359 2468 25 3678 &7
Knot 301: 1 -1 -2 3 -4 2 -3 -5 5 4 ----- *0 01359 149 24678 25 368 &7
Knot 302: 1 -1 -2 3 -4 2 -5 4 -3 5 ++--+ *0 0159 1469 &247 258 368 37
Knot 303: 1 -1 -2 3 -4 2 -5 4 -3 5 ++--+ *0 0159 1469 247 &258 368 37
Knot 304: 1 -1 -2 3 -4 2 -5 4 -3 5 ++--+ *0 0159 1469 247 258 &368 37
Knot 305: 1 -1 -2 3 -4 2 -5 4 -3 5 ++--+ *0 0159 1469 247 258 368 &37
Knot 306: 1 -1 -2 3 -4 2 -5 4 -3 5 +-++- *0 01469 159 &247 258 368 37
Knot 307: 1 -1 -2 3 -4 2 -5 4 -3 5 +-++- *0 01469 159 247 &258 368 37
Knot 308: 1 -1 -2 3 -4 2 -5 4 -3 5 -+--+ *0 01469 159 &247 258 368 37
Knot 309: 1 -1 -2 3 -4 2 -5 4 -3 5 -+--+ *0 01469 159 247 &258 368 37
Knot 310: 1 -1 -2 3 -4 2 -5 4 -3 5 --++- *0 0159 1469 &247 258 368 37
Knot 311: 1 -1 -2 3 -4 2 -5 4 -3 5 --++- *0 0159 1469 247 &258 368 37
Knot 312: 1 -1 -2 3 -4 2 -5 4 -3 5 --++- *0 0159 1469 247 258 &368 37
Knot 313: 1 -1 -2 3 -4 2 -5 4 -3 5 --++- *0 0159 1469 247 258 368 &37
Knot 314: 1 -1 -2 3 -4 5 -3 4 -5 2 +++++ *0 019 12589 2468 &357 36 47
Knot 315: 1 -1 -2 3 -4 5 -3 4 -5 2 +++++ *0 019 12589 2468 357 &36 47
Knot 316: 1 -1 -2 3 -4 5 -3 4 -5 2 ++--- *0 019 124689 258 &357 36 47
Knot 317: 1 -1 -2 3 -4 5 -3 4 -5 2 ++--- *0 019 124689 258 357 &36 47
Knot 318: 1 -1 -2 3 -4 5 -3 4 -5 2 --+++ *0 019 124689 258 &357 36 47
Knot 319: 1 -1 -2 3 -4 5 -3 4 -5 2 --+++ *0 019 124689 258 357 &36 47
Knot 320: 1 -1 -2 3 -4 5 -3 4 -5 2 ----- *0 019 12589 2468 &357 36 47
Knot 321: 1 -1 -2 3 -4 5 -3 4 -5 2 ----- *0 019 12589 2468 357 &36 47
Knot 322: 1 -1 -2 3 -4 -5 5 2 -3 4 +++++ *0 01379 1469 24568 27 38 &5
Knot 323: 1 -1 -2 3 -4 -5 5 2 -3 4 ++++- *0 01379 14569 2468 27 38 &5
Knot 324: 1 -1 -2 3 -4 -5 5 2 -3 4 +---+ *0 014569 1379 2468 27 38 &5
Knot 325: 1 -1 -2 3 -4 -5 5 2 -3 4 +---- *0 01469 1379 24568 27 38 &5
Knot 326: 1 -1 -2 3 -4 -5 5 2 -3 4 -+++- *0 014569 1379 2468 27 38 &5
Knot 327: 1 -1 -2 3 -4 -5 5 2 -3 4 ----- *0 01379 1469 24568 27 38 &5
Knot 328: 1 -1 -2 3 -4 -5 5 4 -3 2 +++++ *0 019 12346789 28 37 456 &5
Knot 329: 1 -1 -2 3 -4 -5 5 4 -3 2 +++-- *0 019 123789 28 3467 456 &5
Knot 330: 1 -1 -2 3 -4 -5 5 4 -3 2 ++-++ *0 019 1289 2378 3467 456 &5
Knot 331: 1 -1 -2 3 -4 -5 5 4 -3 2 ++--- *0 019 1289 234678 37 456 &5
Knot 332: 1 -1 -2 3 -4 -5 5 4 -3 2 --+-- *0 019 1289 2378 3467 456 &5
Knot 333: 1 -1 -2 3 -4 -5 5 4 -3 2 ----- *0 019 12346789 28 37 456 &5
Knot 334: 1 -1 -2 -3 4 -5 3 -4 5 2 ++--- *0 019 12589 2468 &357 36 47
Knot 335: 1 -1 -2 -3 4 -5 3 -4 5 2 ++--- *0 019 12589 2468 357 &36 47
Knot 336: 1 -1 -2 -3 4 -5 3 -4 5 2 --+++ *0 019 12589 2468 &357 36 47
Knot 337: 1 -1 -2 -3 4 -5 3 -4 5 2 --+++ *0 019 12589 2468 357 &36 47
Knot 338: 1 -1 -2 -3 -4 -5 5 4 3 2 +++++ *0 019 1289 2378 3467 456 &5
Knot 339: 1 -1 -2 -3 -4 -5 5 4 3 2 ----- *0 019 1289 2378 3467 456 &5
Knot 340: 1 2 3 -4 -2 -1 5 -3 4 -5 +-+++ 0358 *04 &137 1469 268 27 59
Knot 341: 1 2 3 -4 -2 -1 5 -3 4 -5 -+--- 0358 *04 &137 1469 268 27 59
Knot 342: 1 2 3 -4 5 -1 -2 -3 4 -5 +-+++ 02468 *05 13579 &16 27 38 49
Knot 343: 1 2 3 -4 5 -1 -2 -3 4 -5 -+--- 02468 *05 13579 &16 27 38 49
Knot 344: 1 2 -3 -1 4 5 -2 3 -5 -4 +--+- *026 0358 157 16 2479 39 &48
Knot 345: 1 2 -3 -1 4 5 -2 3 -5 -4 -++-+ *026 0358 157 16 2479 39 &48
Knot 346: 1 2 -3 -1 4 -5 -2 3 5 -4 +--++ *026 0358 &157 16 2479 39 48
Knot 347: 1 2 -3 -1 4 -5 -2 3 5 -4 -++-- *026 0358 &157 16 2479 39 48
Knot 348: 1 2 -3 4 5 -1 -2 3 -4 -5 +---+ 02468 *05 13579 16 27 &38 49
Knot 349: 1 2 -3 4 5 -1 -2 3 -4 -5 -+++- 02468 *05 13579 16 27 &38 49
Knot 350: 1 -2 3 -1 4 -5 2 -3 5 -4 +++++ *026 0358 &157 16 2479 39 48
Knot 351: 1 -2 3 -1 4 -5 2 -3 5 -4 +++++ *026 0358 157 16 2479 &39 48
Knot 352: 1 -2 3 -1 4 -5 2 -3 5 -4 +++++ *026 0358 157 16 2479 39 &48
Knot 353: 1 -2 3 -1 4 -5 2 -3 5 -4 +++++ 026 *0358 157 &16 2479 39 48
Knot 354: 1 -2 3 -1 4 -5 2 -3 5 -4 +++++ 026 *0358 157 16 &2479 39 48
Knot 355: 1 -2 3 -1 4 -5 2 -3 5 -4 +++++ 026 0358 157 *16 2479 &39 48
Knot 356: 1 -2 3 -1 4 -5 2 -3 5 -4 ----- *026 0358 &157 16 2479 39 48
Knot 357: 1 -2 3 -1 4 -5 2 -3 5 -4 ----- *026 0358 157 16 2479 &39 48
Knot 358: 1 -2 3 -1 4 -5 2 -3 5 -4 ----- *026 0358 157 16 2479 39 &48
Knot 359: 1 -2 3 -1 4 -5 2 -3 5 -4 ----- 026 *0358 157 &16 2479 39 48
Knot 360: 1 -2 3 -1 4 -5 2 -3 5 -4 ----- 026 *0358 157 16 &2479 39 48
Knot 361: 1 -2 3 -1 4 -5 2 -3 5 -4 ----- 026 0358 157 *16 2479 &39 48
Knot 362: 1 -2 3 -4 5 -1 2 -3 4 -5 +++++ *02468 05 &13579 16 27 38 49
Knot 363: 1 -2 3 -4 5 -1 2 -3 4 -5 +++++ 02468 *05 13579 &16 27 38 49
Knot 364: 1 -2 3 -4 5 -1 2 -3 4 -5 +++++ 02468 *05 13579 16 &27 38 49
Knot 365: 1 -2 3 -4 5 -1 2 -3 4 -5 ----- *02468 05 &13579 16 27 38 49
Knot 366: 1 -2 3 -4 5 -1 2 -3 4 -5 ----- 02468 *05 13579 &16 27 38 49
Knot 367: 1 -2 3 -4 5 -1 2 -3 4 -5 ----- 02468 *05 13579 16 &27 38 49
